# Blender v2.82 (sub 7) OBJ File: ''
# www.blender.org
mtllib Leaves_group.mtl
o Leaves_group1_Plane.034
v 0.228566 0.783528 -0.118915
v 0.139911 0.755667 0.216601
v 0.379860 0.507063 0.259359
v 0.468515 0.534926 -0.076157
v 0.230460 0.538161 -0.138791
v 0.141805 0.510301 0.196725
v 0.377967 0.752432 0.279234
v 0.466620 0.780293 -0.056282
v 0.066158 0.648533 0.007588
v 0.306107 0.399929 0.050346
v 0.542269 0.642061 0.132855
v 0.302320 0.890665 0.090097
v 0.222824 0.875075 -0.343204
v 0.147039 0.543144 -0.415908
v 0.182281 0.461379 -0.079337
v 0.258066 0.793311 -0.006634
v 0.409429 0.801241 -0.200619
v 0.333644 0.469309 -0.273322
v -0.004324 0.535214 -0.221921
v 0.071461 0.867146 -0.149219
v 0.353915 0.676158 -0.405257
v 0.389159 0.594391 -0.068686
v 0.051190 0.660296 -0.017285
v 0.015948 0.742063 -0.353855
v -0.400865 0.495875 -0.172025
v -0.472722 0.713516 0.090036
v -0.394022 0.463538 0.319221
v -0.322165 0.245898 0.057158
v -0.527234 0.317614 -0.058633
v -0.599090 0.535254 0.203430
v -0.267655 0.641798 0.205827
v -0.195797 0.424158 -0.056236
v -0.602513 0.551423 -0.042192
v -0.523811 0.301445 0.186991
v -0.192376 0.407989 0.189386
v -0.271076 0.657966 -0.039797
v -0.185566 0.804850 -0.281338
v -0.451297 0.795694 -0.056593
v -0.228316 0.739255 0.204753
v 0.037415 0.748413 -0.019991
v -0.088855 0.604922 -0.175136
v -0.354586 0.595764 0.049610
v -0.325028 0.939185 0.098552
v -0.059296 0.948343 -0.126193
v -0.333211 0.628562 -0.193437
v -0.110230 0.572124 0.067911
v -0.080672 0.915545 0.116853
v -0.303651 0.971982 -0.144494
v -0.103771 0.438978 0.126337
v -0.195402 0.591475 0.425596
v -0.029165 0.881603 0.328652
v 0.062466 0.729107 0.029393
v 0.125272 0.525353 0.152454
v 0.033641 0.677851 0.451712
v -0.258208 0.795228 0.302535
v -0.166577 0.642730 0.003277
v -0.003661 0.456537 0.350555
v 0.162576 0.746666 0.253611
v -0.129273 0.864043 0.104434
v -0.295512 0.573916 0.201378
v -0.416124 0.374995 0.407671
v -0.318107 0.685026 0.532088
v -0.142620 0.747573 0.237980
v -0.240636 0.437542 0.113563
v -0.186249 0.333508 0.329949
v -0.088233 0.643541 0.454366
v -0.372494 0.789057 0.315702
v -0.470511 0.479026 0.191283
v -0.224985 0.457252 0.539212
v -0.049497 0.519799 0.245104
v -0.333759 0.665315 0.106438
v -0.509246 0.602768 0.400546
v -0.175540 0.793127 -0.226418
v -0.175540 0.793127 0.121730
v 0.172610 0.793127 0.121730
v 0.172610 0.793127 -0.226418
v -0.001465 0.619052 -0.226418
v -0.001465 0.619052 0.121730
v -0.001465 0.967200 0.121730
v -0.001465 0.967200 -0.226418
v -0.175540 0.619052 -0.052345
v 0.172610 0.619052 -0.052345
v 0.172610 0.967200 -0.052345
v -0.175540 0.967200 -0.052345
v -0.259771 0.605497 -0.517864
v -0.366817 0.652303 -0.189904
v -0.036638 0.695479 -0.088295
v 0.070410 0.648673 -0.416255
v -0.081174 0.455946 -0.438226
v -0.188222 0.502754 -0.110266
v -0.215233 0.845028 -0.167933
v -0.108185 0.798222 -0.495893
v -0.299788 0.457762 -0.325051
v 0.030392 0.500938 -0.223441
v 0.003381 0.843214 -0.281108
v -0.326800 0.800038 -0.382717
v -0.419329 0.353876 -0.395986
v -0.571935 0.450864 -0.098474
v -0.305929 0.665399 -0.031969
v -0.153325 0.568414 -0.329479
v -0.203925 0.332912 -0.278661
v -0.356529 0.429897 0.018849
v -0.521335 0.686364 -0.149292
v -0.368729 0.589378 -0.446802
v -0.413228 0.274137 -0.163159
v -0.147225 0.488672 -0.096652
v -0.312029 0.745139 -0.264794
v -0.578035 0.530604 -0.331301
v 0.090803 0.209793 0.344157
v -0.000830 0.362290 0.643414
v 0.165409 0.652418 0.546471
v 0.257040 0.499922 0.247214
v 0.319846 0.296168 0.370273
v 0.228215 0.448666 0.669532
v -0.063634 0.566043 0.520353
v 0.027997 0.413545 0.221096
v 0.190911 0.227354 0.568375
v 0.357150 0.517481 0.471432
v 0.065299 0.634860 0.322253
v -0.100938 0.344731 0.419196
v 0.071984 0.622369 0.165863
v 0.074266 0.637378 0.513679
v 0.386984 0.484426 0.518228
v 0.384702 0.469418 0.170410
v 0.151843 0.389698 0.175377
v 0.154125 0.404706 0.523195
v 0.307126 0.717096 0.508713
v 0.304846 0.702090 0.160896
v -0.003375 0.473679 0.347013
v 0.309343 0.320726 0.351562
v 0.462346 0.633116 0.337079
v 0.149628 0.786069 0.332530
v 0.139584 0.534989 -0.577258
v 0.048885 0.220578 -0.458401
v 0.334135 0.213703 -0.258920
v 0.424835 0.528112 -0.377777
v 0.371111 0.456874 -0.607217
v 0.280412 0.142465 -0.488360
v 0.102609 0.291816 -0.228961
v 0.193308 0.606228 -0.347818
v 0.183136 0.303108 -0.647528
v 0.468386 0.296231 -0.448047
v 0.290583 0.445584 -0.188648
v 0.005333 0.452460 -0.388131
v -0.071158 0.301100 -0.657075
v -0.178206 0.347906 -0.329116
v 0.151973 0.391082 -0.227507
v 0.259021 0.344276 -0.555465
v 0.107437 0.151551 -0.577437
v 0.000389 0.198357 -0.249479
v -0.026622 0.540631 -0.307145
v 0.080426 0.493825 -0.635103
v -0.111177 0.153365 -0.464261
v 0.219004 0.196541 -0.362652
v 0.191992 0.538817 -0.420318
v -0.138188 0.495641 -0.521930
v -0.438165 0.469577 -0.541801
v -0.124455 0.601826 -0.468969
v -0.010699 0.284354 -0.382493
v -0.324408 0.152105 -0.455325
v -0.430918 0.337903 -0.333922
v -0.117208 0.470153 -0.261092
v -0.017946 0.416028 -0.590372
v -0.331656 0.283779 -0.663202
v -0.330942 0.562764 -0.340746
v -0.217184 0.245292 -0.254269
v -0.117922 0.191168 -0.583549
v -0.231680 0.508640 -0.670025
v 0.305300 0.501354 0.110080
v 0.342245 0.159537 0.164883
v 0.676632 0.209037 0.248209
v 0.639686 0.550855 0.193406
v 0.517295 0.504208 -0.015035
v 0.554240 0.162390 0.039768
v 0.464637 0.206184 0.373324
v 0.427692 0.548001 0.318521
v 0.368574 0.308549 -0.029297
v 0.702960 0.358049 0.054028
v 0.613356 0.401843 0.387586
v 0.278971 0.352342 0.304261
v 0.399327 0.480276 -0.422909
v 0.273142 0.329260 -0.135718
v 0.531783 0.468519 0.051150
v 0.657968 0.619533 -0.236041
v 0.626613 0.409362 -0.360333
v 0.500428 0.258346 -0.073143
v 0.304496 0.539431 -0.011426
v 0.430682 0.690447 -0.298617
v 0.434201 0.264226 -0.310171
v 0.692842 0.403482 -0.123303
v 0.496909 0.684569 -0.061588
v 0.238267 0.545311 -0.248455
v 0.156319 0.331523 0.246400
v 0.275654 0.484543 0.535455
v 0.489714 0.215366 0.589578
v 0.370378 0.062346 0.300525
v 0.139711 0.117348 0.366639
v 0.259046 0.270369 0.655692
v 0.506321 0.429541 0.469341
v 0.386986 0.276521 0.180288
v 0.092349 0.328447 0.484102
v 0.306409 0.059270 0.538227
v 0.553684 0.218442 0.351876
v 0.339624 0.487619 0.297754
v 0.348353 0.017739 -0.532218
v 0.198576 0.189637 -0.269112
v 0.508093 0.320887 -0.178666
v 0.657870 0.148987 -0.441772
v 0.530377 -0.053049 -0.382349
v 0.380600 0.118852 -0.119243
v 0.326069 0.391673 -0.328534
v 0.475846 0.219775 -0.591639
v 0.300730 -0.032722 -0.296020
v 0.610247 0.098526 -0.205574
v 0.555716 0.371349 -0.414862
v 0.246199 0.240099 -0.505309
v -0.031553 0.215253 0.232129
v -0.027690 0.038430 0.532005
v -0.044658 0.337873 0.708792
v -0.048521 0.514696 0.408913
v 0.133820 0.373263 0.323169
v 0.137682 0.196440 0.623046
v -0.210031 0.179863 0.617749
v -0.213893 0.356686 0.317873
v 0.144235 0.135130 0.384715
v 0.127267 0.434573 0.561500
v -0.220446 0.417996 0.556205
v -0.203478 0.118553 0.379419
v -0.342684 0.176727 0.341495
v -0.455996 0.428133 0.554009
v -0.629024 0.573851 0.289369
v -0.515712 0.322445 0.076853
v -0.289172 0.345461 0.170414
v -0.402483 0.596867 0.382928
v -0.682536 0.405116 0.460451
v -0.569225 0.153711 0.247935
v -0.259315 0.398305 0.408992
v -0.432341 0.544024 0.144350
v -0.712394 0.352273 0.221871
v -0.539366 0.206554 0.486513
v 0.506824 0.105251 -0.253247
v 0.393898 0.029207 0.067178
v 0.645020 0.228472 0.202970
v 0.757946 0.304516 -0.117456
v 0.738912 0.067299 -0.180461
v 0.625988 -0.008747 0.139964
v 0.412929 0.266424 0.130184
v 0.525855 0.342468 -0.190243
v 0.556890 -0.070356 -0.088143
v 0.808010 0.128908 0.047648
v 0.594953 0.404079 0.037866
v 0.343831 0.204814 -0.097925
v -0.490475 -0.028536 -0.135216
v -0.378851 -0.021828 0.194484
v -0.615801 -0.262279 0.279601
v -0.727427 -0.268988 -0.050101
v -0.723626 -0.022919 -0.056393
v -0.612000 -0.016211 0.273306
v -0.382650 -0.267896 0.200778
v -0.494276 -0.274605 -0.128922
v -0.549338 0.100660 0.065899
v -0.786288 -0.139792 0.151014
v -0.556938 -0.391476 0.078485
v -0.319988 -0.151024 -0.006630
v 0.392824 -0.116644 0.513672
v 0.268804 -0.128720 0.188587
v 0.522442 0.085543 0.083865
v 0.646462 0.097619 0.408950
v 0.417791 0.127557 0.495076
v 0.293771 0.115482 0.169990
v 0.497473 -0.158658 0.102461
v 0.621493 -0.146584 0.427546
v 0.228963 0.014387 0.384894
v 0.482601 0.228652 0.280172
v 0.686303 -0.045489 0.212643
v 0.432665 -0.259752 0.317365
v 0.058982 -0.229471 0.313284
v 0.047658 -0.127407 0.645944
v 0.084858 -0.457981 0.748633
v 0.096180 -0.560045 0.415975
v -0.095404 -0.414199 0.364706
v -0.106728 -0.312135 0.697364
v 0.239244 -0.273253 0.697211
v 0.250566 -0.375317 0.364552
v -0.119665 -0.197882 0.479690
v -0.082467 -0.528454 0.582381
v 0.263505 -0.489570 0.582227
v 0.226305 -0.158998 0.479536
v -0.424489 0.141939 -0.285507
v -0.261572 -0.076535 -0.068864
v -0.561466 -0.244082 -0.012304
v -0.724383 -0.025610 -0.228947
v -0.608820 0.164707 -0.123928
v -0.445901 -0.053768 0.092715
v -0.377135 -0.266851 -0.173881
v -0.540052 -0.048377 -0.390524
v -0.377415 0.139243 -0.043886
v -0.677307 -0.028304 0.012674
v -0.608540 -0.241388 -0.253924
v -0.308647 -0.073841 -0.310484
v -0.123172 -0.332680 0.281771
v -0.229712 -0.555515 0.527131
v -0.459202 -0.319969 0.641405
v -0.352664 -0.097133 0.396046
v -0.118346 -0.151524 0.448394
v -0.224885 -0.374360 0.693753
v -0.464031 -0.501124 0.474784
v -0.357491 -0.278289 0.229425
v -0.056869 -0.380715 0.513937
v -0.286360 -0.145169 0.628211
v -0.525506 -0.271933 0.409241
v -0.296014 -0.507479 0.294967
v -0.657099 -0.394872 -0.195245
v -0.347408 -0.237080 -0.175222
v -0.194863 -0.544145 -0.114811
v -0.504555 -0.701934 -0.134834
v -0.603347 -0.525920 0.006102
v -0.293656 -0.368129 0.026123
v -0.248616 -0.413094 -0.316158
v -0.558307 -0.570886 -0.336179
v -0.524774 -0.293493 -0.014093
v -0.372229 -0.600557 0.046319
v -0.327189 -0.645522 -0.295963
v -0.479734 -0.338460 -0.356375
v -0.541997 -0.385011 0.004075
v -0.441837 -0.199909 0.281407
v -0.367136 -0.494579 0.451102
v -0.467295 -0.679681 0.173772
v -0.667124 -0.537690 0.151170
v -0.566962 -0.352588 0.428501
v -0.242009 -0.341902 0.304009
v -0.342170 -0.527004 0.026678
v -0.654394 -0.297804 0.204987
v -0.579692 -0.592474 0.374684
v -0.254739 -0.581788 0.250190
v -0.329441 -0.287118 0.080495
v 0.323311 -0.596708 -0.543723
v 0.447316 -0.282427 -0.459705
v 0.122070 -0.160776 -0.434726
v -0.001933 -0.475054 -0.518744
v 0.164093 -0.492188 -0.699700
v 0.288098 -0.177909 -0.615682
v 0.281288 -0.265296 -0.278749
v 0.157285 -0.579575 -0.362767
v 0.388718 -0.395875 -0.670180
v 0.063473 -0.274221 -0.645202
v 0.056663 -0.361609 -0.308269
v 0.381910 -0.483262 -0.333247
v -0.117285 -0.413729 -0.301825
v -0.063159 -0.217487 -0.584256
v 0.188424 -0.435018 -0.687189
v 0.134297 -0.631258 -0.404758
v 0.125750 -0.428450 -0.265478
v 0.179876 -0.232207 -0.547909
v -0.054611 -0.420297 -0.723538
v -0.108738 -0.616537 -0.441106
v 0.027023 -0.221564 -0.355226
v 0.278603 -0.439093 -0.458159
v 0.044116 -0.627183 -0.633787
v -0.207465 -0.409652 -0.530855
v -0.189582 -0.308129 -0.643796
v -0.069671 -0.220122 -0.329021
v -0.317226 -0.414596 -0.180346
v -0.437135 -0.502603 -0.495122
v -0.420067 -0.267851 -0.567257
v -0.300157 -0.179844 -0.252482
v -0.086741 -0.454874 -0.256885
v -0.206652 -0.542881 -0.571660
v -0.236334 -0.126609 -0.484208
v -0.483889 -0.321085 -0.335533
v -0.270474 -0.596115 -0.339934
v -0.022919 -0.401642 -0.488609
v 0.029995 -0.782648 0.345078
v -0.227459 -0.724157 0.572021
v -0.389331 -0.524747 0.336989
v -0.131877 -0.583240 0.110046
v 0.033796 -0.543282 0.287695
v -0.223658 -0.484789 0.514638
v -0.393132 -0.764113 0.394371
v -0.135678 -0.822606 0.167428
v -0.013994 -0.613741 0.518683
v -0.175868 -0.414331 0.283651
v -0.345342 -0.693655 0.163384
v -0.183468 -0.893066 0.398416
v -0.066967 -0.236616 0.441097
v 0.037133 -0.448223 0.697207
v -0.112134 -0.717790 0.535158
v -0.216236 -0.506183 0.279046
v -0.290000 -0.340724 0.445736
v -0.185900 -0.552331 0.701848
v 0.110899 -0.613682 0.530517
v 0.006796 -0.402077 0.274407
v -0.163316 -0.311744 0.654817
v -0.312584 -0.581310 0.492767
v -0.015785 -0.642663 0.321438
v 0.133482 -0.373096 0.483487
v 0.468162 -0.213743 0.453706
v 0.390660 -0.549614 0.502618
v 0.216062 -0.553185 0.201435
v 0.293563 -0.217314 0.152525
v 0.235331 -0.169743 0.386938
v 0.157832 -0.505612 0.435850
v 0.448893 -0.597185 0.268203
v 0.526392 -0.261317 0.219293
v 0.283881 -0.335892 0.561985
v 0.109282 -0.339463 0.260805
v 0.400343 -0.431037 0.093158
v 0.574942 -0.427466 0.394339
v 0.626619 -0.588303 0.216344
v 0.585526 -0.294822 0.033622
v 0.250503 -0.374038 -0.018266
v 0.291598 -0.667519 0.164458
v 0.501767 -0.712764 0.044518
v 0.460671 -0.419285 -0.138206
v 0.375357 -0.249574 0.153561
v 0.416450 -0.543055 0.336283
v 0.648731 -0.526415 -0.020899
v 0.313707 -0.605633 -0.072788
v 0.228393 -0.435923 0.218979
v 0.563414 -0.356707 0.270865
v 0.586956 -0.540054 -0.087947
v 0.612951 -0.494544 -0.432128
v 0.287237 -0.371880 -0.440510
v 0.261240 -0.417390 -0.096330
v 0.364014 -0.640037 -0.118006
v 0.390008 -0.594528 -0.462188
v 0.510180 -0.271899 -0.410452
v 0.484185 -0.317409 -0.066269
v 0.539868 -0.678615 -0.285906
v 0.214154 -0.555950 -0.294288
v 0.334325 -0.233322 -0.242552
v 0.660039 -0.355986 -0.234169
v -0.449213 -0.631979 -0.155868
v -0.117789 -0.658720 -0.052665
v -0.217316 -0.615500 0.278145
v -0.548738 -0.588759 0.174940
v -0.479864 -0.438159 -0.007214
v -0.148443 -0.464900 0.095991
v -0.186663 -0.809318 0.129490
v -0.518087 -0.782577 0.026285
v -0.264391 -0.473139 -0.121015
v -0.363916 -0.429920 0.209793
v -0.402138 -0.774338 0.243292
v -0.302611 -0.817559 -0.087518
v 0.053879 -0.751103 -0.351072
v -0.047788 -0.554510 -0.082332
v -0.380172 -0.597719 -0.176464
v -0.278505 -0.794314 -0.445207
v -0.102413 -0.630677 -0.498295
v -0.204080 -0.434084 -0.229553
v -0.223881 -0.718145 -0.029243
v -0.122216 -0.914740 -0.297986
v 0.012947 -0.510776 -0.316858
v -0.319438 -0.553985 -0.410990
v -0.339240 -0.838046 -0.210681
v -0.006856 -0.794837 -0.116547
v 0.267490 -0.553124 -0.548107
v 0.380838 -0.667799 -0.239548
v 0.055064 -0.753702 -0.151800
v -0.058284 -0.639027 -0.460361
v 0.080986 -0.437427 -0.436598
v 0.194336 -0.552101 -0.128038
v 0.241568 -0.869399 -0.263311
v 0.128218 -0.754724 -0.571871
v 0.300548 -0.451813 -0.326192
v -0.025226 -0.537715 -0.238444
v 0.022006 -0.855012 -0.373717
v 0.347780 -0.769111 -0.461465
v 0.315462 -0.618006 -0.296045
v 0.582620 -0.644628 -0.074404
v 0.359530 -0.664120 0.192163
v 0.092370 -0.637498 -0.029477
v 0.207902 -0.454462 -0.146753
v 0.475062 -0.481084 0.074888
v 0.467088 -0.827665 0.042871
v 0.199930 -0.801043 -0.178769
v 0.453027 -0.458027 -0.169215
v 0.229937 -0.477519 0.097350
v 0.221963 -0.824100 0.065334
v 0.445055 -0.804608 -0.201234
v 0.086793 -0.436667 0.405613
v 0.400334 -0.573971 0.342004
v 0.249229 -0.865912 0.227348
v -0.064313 -0.728608 0.290959
v 0.015302 -0.648071 0.509543
v 0.328842 -0.785375 0.445934
v 0.320721 -0.654509 0.123418
v 0.007178 -0.517204 0.187029
v 0.247624 -0.570753 0.535066
v 0.096520 -0.862692 0.420411
v 0.088396 -0.731826 0.097897
v 0.239502 -0.439887 0.212551
v -0.057757 -0.619222 -0.100424
v 0.073493 -0.826152 -0.347732
v 0.236077 -1.014271 -0.104041
v 0.104827 -0.807341 0.143267
v 0.162772 -0.609601 0.008563
v 0.294022 -0.816531 -0.238745
v 0.015549 -1.023892 -0.213030
v -0.115701 -0.816962 0.034278
v 0.147106 -0.619006 -0.236936
v 0.309690 -0.807126 0.006754
v 0.031217 -1.014487 0.032469
v -0.131367 -0.826369 -0.211221
v 0.592754 -0.268737 -0.402418
v 0.738500 0.004062 -0.242582
v 0.424658 0.107541 -0.133022
v 0.278914 -0.165257 -0.292856
v 0.416663 -0.122022 -0.492255
v 0.562407 0.150776 -0.332419
v 0.600749 -0.039174 -0.043184
v 0.455004 -0.311972 -0.203019
v 0.646456 -0.037363 -0.467117
v 0.332616 0.066116 -0.357556
v 0.370956 -0.123834 -0.068321
v 0.684797 -0.227313 -0.177882
v 0.611781 -0.003542 0.300638
v 0.588506 -0.340980 0.218172
v 0.521724 -0.255523 -0.112654
v 0.545000 0.081914 -0.030185
v 0.407945 0.042336 0.170447
v 0.384671 -0.295103 0.087980
v 0.725561 -0.301401 0.017538
v 0.748836 0.036038 0.100006
v 0.429700 -0.169112 0.294626
v 0.362917 -0.083656 -0.036199
v 0.703806 -0.089953 -0.106640
v 0.770589 -0.175410 0.224184
v 0.224237 0.043287 0.208890
v 0.212913 0.145351 0.541550
v 0.250111 -0.185223 0.644239
v 0.261436 -0.287287 0.311581
v 0.069850 -0.141441 0.260312
v 0.058527 -0.039377 0.592970
v 0.404497 -0.000495 0.592819
v 0.415821 -0.102559 0.260158
v 0.045590 0.074876 0.375297
v 0.082789 -0.255696 0.477987
v 0.428758 -0.216812 0.477833
v 0.391560 0.113760 0.375144
v 0.004399 -0.806146 -0.144427
v -0.234798 -0.976758 0.042348
v -0.157103 -0.781681 0.320046
v 0.082095 -0.611070 0.133271
v 0.163616 -0.824846 0.042399
v -0.075580 -0.995456 0.229174
v -0.316319 -0.762982 0.133220
v -0.077124 -0.592372 -0.053555
v 0.005170 -1.007689 -0.003062
v 0.082865 -0.812613 0.274636
v -0.157874 -0.580139 0.178681
v -0.235569 -0.775215 -0.099017
v -0.084877 -0.217989 0.449675
v 0.170826 0.006225 0.375167
v 0.025912 0.241769 0.586655
v -0.229789 0.017555 0.661163
v -0.250639 -0.038057 0.422257
v 0.005063 0.186157 0.347749
v 0.191676 0.061838 0.614073
v -0.064028 -0.162375 0.688581
v -0.050331 -0.043722 0.279259
v -0.195243 0.191820 0.490747
v -0.008632 0.067503 0.757071
v 0.136280 -0.168040 0.545583
v -0.461964 0.259597 0.219949
v -0.530028 0.051177 0.490387
v -0.221357 0.131480 0.629961
v -0.153294 0.339900 0.359524
v -0.234662 0.166220 0.205194
v -0.302725 -0.042200 0.475630
v -0.448661 0.224857 0.644717
v -0.380598 0.433277 0.374281
v -0.423028 0.021858 0.270625
v -0.114359 0.102162 0.410200
v -0.260295 0.369220 0.579287
v -0.568964 0.288915 0.439712
v 0.314375 -0.154140 -0.745655
v 0.033023 -0.056036 -0.565589
v 0.231348 0.151848 -0.368969
v 0.512700 0.053745 -0.549037
v 0.439595 -0.180935 -0.535404
v 0.158244 -0.082829 -0.355336
v 0.106128 0.178641 -0.579220
v 0.387479 0.080537 -0.759288
v 0.199757 -0.235824 -0.543679
v 0.398082 -0.027940 -0.347061
v 0.345966 0.233531 -0.570945
v 0.147641 0.025648 -0.767563
v 0.157847 -0.047378 -0.472157
v -0.169601 -0.037948 -0.354271
v -0.280964 -0.179318 -0.652299
v 0.046484 -0.188748 -0.770183
v 0.082267 0.040944 -0.689160
v -0.245181 0.050373 -0.571275
v -0.205384 -0.267640 -0.435294
v 0.122064 -0.277069 -0.553179
v -0.025774 0.116345 -0.481205
v -0.137137 -0.025027 -0.779231
v -0.097342 -0.343039 -0.643250
v 0.014023 -0.201669 -0.345223
v -0.150761 0.280680 -0.277320
v -0.305120 0.062549 -0.500478
v -0.047332 0.113716 -0.728808
v 0.107027 0.331847 -0.505650
v -0.109796 0.439501 -0.460902
v -0.264155 0.221368 -0.684059
v -0.088298 -0.045103 -0.545226
v 0.066062 0.173028 -0.322071
v -0.315869 0.304851 -0.458316
v -0.058081 0.356018 -0.686644
v 0.117776 0.089545 -0.547813
v -0.140012 0.038378 -0.319484
v -0.466141 0.200854 -0.580549
v -0.527877 0.032575 -0.282090
v -0.255982 -0.176027 -0.343465
v -0.194248 -0.007746 -0.641924
v -0.434441 -0.014548 -0.695443
v -0.496176 -0.182830 -0.396983
v -0.287682 0.039375 -0.228571
v -0.225946 0.207656 -0.527029
v -0.601255 0.005611 -0.515524
v -0.329362 -0.202989 -0.576900
v -0.120867 0.019216 -0.408488
v -0.392760 0.227816 -0.347113
v -0.422535 0.290405 -0.179255
v -0.500980 -0.015708 -0.033146
v -0.611774 0.149158 0.252777
v -0.533327 0.455271 0.106668
v -0.317635 0.363874 0.030987
v -0.396082 0.057760 0.177097
v -0.716672 0.075689 0.042535
v -0.638227 0.381802 -0.103575
v -0.301463 0.128385 -0.038919
v -0.412254 0.293249 0.247005
v -0.732846 0.311178 0.112441
v -0.622053 0.146314 -0.173482
v -0.661307 0.173281 -0.199163
v -0.514257 0.463009 -0.324228
v -0.234752 0.279376 -0.420991
v -0.381802 -0.010352 -0.295926
v -0.448308 0.111233 -0.092462
v -0.301257 0.400961 -0.217527
v -0.447750 0.341424 -0.527693
v -0.594802 0.051696 -0.402627
v -0.514535 0.347912 -0.106613
v -0.235030 0.164279 -0.203376
v -0.381522 0.104743 -0.513541
v -0.661029 0.288376 -0.416778
v -0.420823 -0.361392 0.397325
v -0.323756 -0.153772 0.659393
v -0.359543 0.124001 0.452586
v -0.456610 -0.083617 0.190518
v -0.272505 -0.237865 0.244527
v -0.175438 -0.030246 0.506595
v -0.507861 0.000476 0.605384
v -0.604927 -0.207144 0.343315
v -0.206078 -0.272942 0.478965
v -0.241865 0.004831 0.272160
v -0.574288 0.035553 0.370946
v -0.538501 -0.242222 0.577751
vt 0.000000 0.000000
vt 0.000000 1.000000
vt 1.000000 1.000000
vt 1.000000 0.000000
vt 0.000000 0.000000
vt 0.000000 1.000000
vt 1.000000 1.000000
vt 1.000000 0.000000
vt 0.000000 0.000000
vt 0.000000 1.000000
vt 1.000000 1.000000
vt 1.000000 0.000000
vt 0.000000 0.000000
vt 0.000000 1.000000
vt 1.000000 1.000000
vt 1.000000 0.000000
vt 0.000000 0.000000
vt 0.000000 1.000000
vt 1.000000 1.000000
vt 1.000000 0.000000
vt 0.000000 0.000000
vt 0.000000 1.000000
vt 1.000000 1.000000
vt 1.000000 0.000000
vt 0.000000 0.000000
vt 0.000000 1.000000
vt 1.000000 1.000000
vt 1.000000 0.000000
vt 0.000000 0.000000
vt 0.000000 1.000000
vt 1.000000 1.000000
vt 1.000000 0.000000
vt 0.000000 0.000000
vt 0.000000 1.000000
vt 1.000000 1.000000
vt 1.000000 0.000000
vt 0.000000 0.000000
vt 0.000000 1.000000
vt 1.000000 1.000000
vt 1.000000 0.000000
vt 0.000000 0.000000
vt 0.000000 1.000000
vt 1.000000 1.000000
vt 1.000000 0.000000
vt 0.000000 0.000000
vt 0.000000 1.000000
vt 1.000000 1.000000
vt 1.000000 0.000000
vt 0.000000 0.000000
vt 0.000000 1.000000
vt 1.000000 1.000000
vt 1.000000 0.000000
vt 0.000000 0.000000
vt 0.000000 1.000000
vt 1.000000 1.000000
vt 1.000000 0.000000
vt 0.000000 0.000000
vt 0.000000 1.000000
vt 1.000000 1.000000
vt 1.000000 0.000000
vt 0.000000 0.000000
vt 0.000000 1.000000
vt 1.000000 1.000000
vt 1.000000 0.000000
vt 0.000000 0.000000
vt 0.000000 1.000000
vt 1.000000 1.000000
vt 1.000000 0.000000
vt 0.000000 0.000000
vt 0.000000 1.000000
vt 1.000000 1.000000
vt 1.000000 0.000000
vt 0.000000 0.000000
vt 0.000000 1.000000
vt 1.000000 1.000000
vt 1.000000 0.000000
vt 0.000000 0.000000
vt 0.000000 1.000000
vt 1.000000 1.000000
vt 1.000000 0.000000
vt 0.000000 0.000000
vt 0.000000 1.000000
vt 1.000000 1.000000
vt 1.000000 0.000000
vt 0.000000 0.000000
vt 0.000000 1.000000
vt 1.000000 1.000000
vt 1.000000 0.000000
vt 0.000000 0.000000
vt 0.000000 1.000000
vt 1.000000 1.000000
vt 1.000000 0.000000
vt 0.000000 0.000000
vt 0.000000 1.000000
vt 1.000000 1.000000
vt 1.000000 0.000000
vt 0.000000 0.000000
vt 0.000000 1.000000
vt 1.000000 1.000000
vt 1.000000 0.000000
vt 0.000000 0.000000
vt 0.000000 1.000000
vt 1.000000 1.000000
vt 1.000000 0.000000
vt 0.000000 0.000000
vt 0.000000 1.000000
vt 1.000000 1.000000
vt 1.000000 0.000000
vt 0.000000 0.000000
vt 0.000000 1.000000
vt 1.000000 1.000000
vt 1.000000 0.000000
vt 0.000000 0.000000
vt 0.000000 1.000000
vt 1.000000 1.000000
vt 1.000000 0.000000
vt 0.000000 0.000000
vt 0.000000 1.000000
vt 1.000000 1.000000
vt 1.000000 0.000000
vt 0.000000 0.000000
vt 0.000000 1.000000
vt 1.000000 1.000000
vt 1.000000 0.000000
vt 0.000000 0.000000
vt 0.000000 1.000000
vt 1.000000 1.000000
vt 1.000000 0.000000
vt 0.000000 0.000000
vt 0.000000 1.000000
vt 1.000000 1.000000
vt 1.000000 0.000000
vt 0.000000 0.000000
vt 0.000000 1.000000
vt 1.000000 1.000000
vt 1.000000 0.000000
vt 0.000000 0.000000
vt 0.000000 1.000000
vt 1.000000 1.000000
vt 1.000000 0.000000
vt 0.000000 0.000000
vt 0.000000 1.000000
vt 1.000000 1.000000
vt 1.000000 0.000000
vt 0.000000 0.000000
vt 0.000000 1.000000
vt 1.000000 1.000000
vt 1.000000 0.000000
vt 0.000000 0.000000
vt 0.000000 1.000000
vt 1.000000 1.000000
vt 1.000000 0.000000
vt 0.000000 0.000000
vt 0.000000 1.000000
vt 1.000000 1.000000
vt 1.000000 0.000000
vt 0.000000 0.000000
vt 0.000000 1.000000
vt 1.000000 1.000000
vt 1.000000 0.000000
vt 0.000000 0.000000
vt 0.000000 1.000000
vt 1.000000 1.000000
vt 1.000000 0.000000
vt 0.000000 0.000000
vt 0.000000 1.000000
vt 1.000000 1.000000
vt 1.000000 0.000000
vt 0.000000 0.000000
vt 0.000000 1.000000
vt 1.000000 1.000000
vt 1.000000 0.000000
vt 0.000000 0.000000
vt 0.000000 1.000000
vt 1.000000 1.000000
vt 1.000000 0.000000
vt 0.000000 0.000000
vt 0.000000 1.000000
vt 1.000000 1.000000
vt 1.000000 0.000000
vt 0.000000 0.000000
vt 0.000000 1.000000
vt 1.000000 1.000000
vt 1.000000 0.000000
vt 0.000000 0.000000
vt 0.000000 1.000000
vt 1.000000 1.000000
vt 1.000000 0.000000
vt 0.000000 0.000000
vt 0.000000 1.000000
vt 1.000000 1.000000
vt 1.000000 0.000000
vt 0.000000 0.000000
vt 0.000000 1.000000
vt 1.000000 1.000000
vt 1.000000 0.000000
vt 0.000000 0.000000
vt 0.000000 1.000000
vt 1.000000 1.000000
vt 1.000000 0.000000
vt 0.000000 0.000000
vt 0.000000 1.000000
vt 1.000000 1.000000
vt 1.000000 0.000000
vt 0.000000 0.000000
vt 0.000000 1.000000
vt 1.000000 1.000000
vt 1.000000 0.000000
vt 0.000000 0.000000
vt 0.000000 1.000000
vt 1.000000 1.000000
vt 1.000000 0.000000
vt 0.000000 0.000000
vt 0.000000 1.000000
vt 1.000000 1.000000
vt 1.000000 0.000000
vt 0.000000 0.000000
vt 0.000000 1.000000
vt 1.000000 1.000000
vt 1.000000 0.000000
vt 0.000000 0.000000
vt 0.000000 1.000000
vt 1.000000 1.000000
vt 1.000000 0.000000
vt 0.000000 0.000000
vt 0.000000 1.000000
vt 1.000000 1.000000
vt 1.000000 0.000000
vt 0.000000 0.000000
vt 0.000000 1.000000
vt 1.000000 1.000000
vt 1.000000 0.000000
vt 0.000000 0.000000
vt 0.000000 1.000000
vt 1.000000 1.000000
vt 1.000000 0.000000
vt 0.000000 0.000000
vt 0.000000 1.000000
vt 1.000000 1.000000
vt 1.000000 0.000000
vt 0.000000 0.000000
vt 0.000000 1.000000
vt 1.000000 1.000000
vt 1.000000 0.000000
vt 0.000000 0.000000
vt 0.000000 1.000000
vt 1.000000 1.000000
vt 1.000000 0.000000
vt 0.000000 0.000000
vt 0.000000 1.000000
vt 1.000000 1.000000
vt 1.000000 0.000000
vt 0.000000 0.000000
vt 0.000000 1.000000
vt 1.000000 1.000000
vt 1.000000 0.000000
vt 0.000000 0.000000
vt 0.000000 1.000000
vt 1.000000 1.000000
vt 1.000000 0.000000
vt 0.000000 0.000000
vt 0.000000 1.000000
vt 1.000000 1.000000
vt 1.000000 0.000000
vt 0.000000 0.000000
vt 0.000000 1.000000
vt 1.000000 1.000000
vt 1.000000 0.000000
vt 0.000000 0.000000
vt 0.000000 1.000000
vt 1.000000 1.000000
vt 1.000000 0.000000
vt 0.000000 0.000000
vt 0.000000 1.000000
vt 1.000000 1.000000
vt 1.000000 0.000000
vt 0.000000 0.000000
vt 0.000000 1.000000
vt 1.000000 1.000000
vt 1.000000 0.000000
vt 0.000000 0.000000
vt 0.000000 1.000000
vt 1.000000 1.000000
vt 1.000000 0.000000
vt 0.000000 0.000000
vt 0.000000 1.000000
vt 1.000000 1.000000
vt 1.000000 0.000000
vt 0.000000 0.000000
vt 0.000000 1.000000
vt 1.000000 1.000000
vt 1.000000 0.000000
vt 0.000000 0.000000
vt 0.000000 1.000000
vt 1.000000 1.000000
vt 1.000000 0.000000
vt 0.000000 0.000000
vt 0.000000 1.000000
vt 1.000000 1.000000
vt 1.000000 0.000000
vt 0.000000 0.000000
vt 0.000000 1.000000
vt 1.000000 1.000000
vt 1.000000 0.000000
vt 0.000000 0.000000
vt 0.000000 1.000000
vt 1.000000 1.000000
vt 1.000000 0.000000
vt 0.000000 0.000000
vt 0.000000 1.000000
vt 1.000000 1.000000
vt 1.000000 0.000000
vt 0.000000 0.000000
vt 0.000000 1.000000
vt 1.000000 1.000000
vt 1.000000 0.000000
vt 0.000000 0.000000
vt 0.000000 1.000000
vt 1.000000 1.000000
vt 1.000000 0.000000
vt 0.000000 0.000000
vt 0.000000 1.000000
vt 1.000000 1.000000
vt 1.000000 0.000000
vt 0.000000 0.000000
vt 0.000000 1.000000
vt 1.000000 1.000000
vt 1.000000 0.000000
vt 0.000000 0.000000
vt 0.000000 1.000000
vt 1.000000 1.000000
vt 1.000000 0.000000
vt 0.000000 0.000000
vt 0.000000 1.000000
vt 1.000000 1.000000
vt 1.000000 0.000000
vt 0.000000 0.000000
vt 0.000000 1.000000
vt 1.000000 1.000000
vt 1.000000 0.000000
vt 0.000000 0.000000
vt 0.000000 1.000000
vt 1.000000 1.000000
vt 1.000000 0.000000
vt 0.000000 0.000000
vt 0.000000 1.000000
vt 1.000000 1.000000
vt 1.000000 0.000000
vt 0.000000 0.000000
vt 0.000000 1.000000
vt 1.000000 1.000000
vt 1.000000 0.000000
vt 0.000000 0.000000
vt 0.000000 1.000000
vt 1.000000 1.000000
vt 1.000000 0.000000
vt 0.000000 0.000000
vt 0.000000 1.000000
vt 1.000000 1.000000
vt 1.000000 0.000000
vt 0.000000 0.000000
vt 0.000000 1.000000
vt 1.000000 1.000000
vt 1.000000 0.000000
vt 0.000000 0.000000
vt 0.000000 1.000000
vt 1.000000 1.000000
vt 1.000000 0.000000
vt 0.000000 0.000000
vt 0.000000 1.000000
vt 1.000000 1.000000
vt 1.000000 0.000000
vt 0.000000 0.000000
vt 0.000000 1.000000
vt 1.000000 1.000000
vt 1.000000 0.000000
vt 0.000000 0.000000
vt 0.000000 1.000000
vt 1.000000 1.000000
vt 1.000000 0.000000
vt 0.000000 0.000000
vt 0.000000 1.000000
vt 1.000000 1.000000
vt 1.000000 0.000000
vt 0.000000 0.000000
vt 0.000000 1.000000
vt 1.000000 1.000000
vt 1.000000 0.000000
vt 0.000000 0.000000
vt 0.000000 1.000000
vt 1.000000 1.000000
vt 1.000000 0.000000
vt 0.000000 0.000000
vt 0.000000 1.000000
vt 1.000000 1.000000
vt 1.000000 0.000000
vt 0.000000 0.000000
vt 0.000000 1.000000
vt 1.000000 1.000000
vt 1.000000 0.000000
vt 0.000000 0.000000
vt 0.000000 1.000000
vt 1.000000 1.000000
vt 1.000000 0.000000
vt 0.000000 0.000000
vt 0.000000 1.000000
vt 1.000000 1.000000
vt 1.000000 0.000000
vt 0.000000 0.000000
vt 0.000000 1.000000
vt 1.000000 1.000000
vt 1.000000 0.000000
vt 0.000000 0.000000
vt 0.000000 1.000000
vt 1.000000 1.000000
vt 1.000000 0.000000
vt 0.000000 0.000000
vt 0.000000 1.000000
vt 1.000000 1.000000
vt 1.000000 0.000000
vt 0.000000 0.000000
vt 0.000000 1.000000
vt 1.000000 1.000000
vt 1.000000 0.000000
vt 0.000000 0.000000
vt 0.000000 1.000000
vt 1.000000 1.000000
vt 1.000000 0.000000
vt 0.000000 0.000000
vt 0.000000 1.000000
vt 1.000000 1.000000
vt 1.000000 0.000000
vt 0.000000 0.000000
vt 0.000000 1.000000
vt 1.000000 1.000000
vt 1.000000 0.000000
vt 0.000000 0.000000
vt 0.000000 1.000000
vt 1.000000 1.000000
vt 1.000000 0.000000
vt 0.000000 0.000000
vt 0.000000 1.000000
vt 1.000000 1.000000
vt 1.000000 0.000000
vt 0.000000 0.000000
vt 0.000000 1.000000
vt 1.000000 1.000000
vt 1.000000 0.000000
vt 0.000000 0.000000
vt 0.000000 1.000000
vt 1.000000 1.000000
vt 1.000000 0.000000
vt 0.000000 0.000000
vt 0.000000 1.000000
vt 1.000000 1.000000
vt 1.000000 0.000000
vt 0.000000 0.000000
vt 0.000000 1.000000
vt 1.000000 1.000000
vt 1.000000 0.000000
vt 0.000000 0.000000
vt 0.000000 1.000000
vt 1.000000 1.000000
vt 1.000000 0.000000
vt 0.000000 0.000000
vt 0.000000 1.000000
vt 1.000000 1.000000
vt 1.000000 0.000000
vt 0.000000 0.000000
vt 0.000000 1.000000
vt 1.000000 1.000000
vt 1.000000 0.000000
vt 0.000000 0.000000
vt 0.000000 1.000000
vt 1.000000 1.000000
vt 1.000000 0.000000
vt 0.000000 0.000000
vt 0.000000 1.000000
vt 1.000000 1.000000
vt 1.000000 0.000000
vt 0.000000 0.000000
vt 0.000000 1.000000
vt 1.000000 1.000000
vt 1.000000 0.000000
vt 0.000000 0.000000
vt 0.000000 1.000000
vt 1.000000 1.000000
vt 1.000000 0.000000
vt 0.000000 0.000000
vt 0.000000 1.000000
vt 1.000000 1.000000
vt 1.000000 0.000000
vt 0.000000 0.000000
vt 0.000000 1.000000
vt 1.000000 1.000000
vt 1.000000 0.000000
vt 0.000000 0.000000
vt 0.000000 1.000000
vt 1.000000 1.000000
vt 1.000000 0.000000
vt 0.000000 0.000000
vt 0.000000 1.000000
vt 1.000000 1.000000
vt 1.000000 0.000000
vt 0.000000 0.000000
vt 0.000000 1.000000
vt 1.000000 1.000000
vt 1.000000 0.000000
vt 0.000000 0.000000
vt 0.000000 1.000000
vt 1.000000 1.000000
vt 1.000000 0.000000
vt 0.000000 0.000000
vt 0.000000 1.000000
vt 1.000000 1.000000
vt 1.000000 0.000000
vt 0.000000 0.000000
vt 0.000000 1.000000
vt 1.000000 1.000000
vt 1.000000 0.000000
vt 0.000000 0.000000
vt 0.000000 1.000000
vt 1.000000 1.000000
vt 1.000000 0.000000
vt 0.000000 0.000000
vt 0.000000 1.000000
vt 1.000000 1.000000
vt 1.000000 0.000000
vt 0.000000 0.000000
vt 0.000000 1.000000
vt 1.000000 1.000000
vt 1.000000 0.000000
vt 0.000000 0.000000
vt 0.000000 1.000000
vt 1.000000 1.000000
vt 1.000000 0.000000
vt 0.000000 0.000000
vt 0.000000 1.000000
vt 1.000000 1.000000
vt 1.000000 0.000000
vt 0.000000 0.000000
vt 0.000000 1.000000
vt 1.000000 1.000000
vt 1.000000 0.000000
vt 0.000000 0.000000
vt 0.000000 1.000000
vt 1.000000 1.000000
vt 1.000000 0.000000
vt 0.000000 0.000000
vt 0.000000 1.000000
vt 1.000000 1.000000
vt 1.000000 0.000000
vt 0.000000 0.000000
vt 0.000000 1.000000
vt 1.000000 1.000000
vt 1.000000 0.000000
vt 0.000000 0.000000
vt 0.000000 1.000000
vt 1.000000 1.000000
vt 1.000000 0.000000
vt 0.000000 0.000000
vt 0.000000 1.000000
vt 1.000000 1.000000
vt 1.000000 0.000000
vt 0.000000 0.000000
vt 0.000000 1.000000
vt 1.000000 1.000000
vt 1.000000 0.000000
vt 0.000000 0.000000
vt 0.000000 1.000000
vt 1.000000 1.000000
vt 1.000000 0.000000
vt 0.000000 0.000000
vt 0.000000 1.000000
vt 1.000000 1.000000
vt 1.000000 0.000000
vt 0.000000 0.000000
vt 0.000000 1.000000
vt 1.000000 1.000000
vt 1.000000 0.000000
vt 0.000000 0.000000
vt 0.000000 1.000000
vt 1.000000 1.000000
vt 1.000000 0.000000
vt 0.000000 0.000000
vt 0.000000 1.000000
vt 1.000000 1.000000
vt 1.000000 0.000000
vt 0.000000 0.000000
vt 0.000000 1.000000
vt 1.000000 1.000000
vt 1.000000 0.000000
vt 0.000000 0.000000
vt 0.000000 1.000000
vt 1.000000 1.000000
vt 1.000000 0.000000
vt 0.000000 0.000000
vt 0.000000 1.000000
vt 1.000000 1.000000
vt 1.000000 0.000000
vt 0.000000 0.000000
vt 0.000000 1.000000
vt 1.000000 1.000000
vt 1.000000 0.000000
vt 0.000000 0.000000
vt 0.000000 1.000000
vt 1.000000 1.000000
vt 1.000000 0.000000
vt 0.000000 0.000000
vt 0.000000 1.000000
vt 1.000000 1.000000
vt 1.000000 0.000000
vt 0.000000 0.000000
vt 0.000000 1.000000
vt 1.000000 1.000000
vt 1.000000 0.000000
vt 0.000000 0.000000
vt 0.000000 1.000000
vt 1.000000 1.000000
vt 1.000000 0.000000
vt 0.000000 0.000000
vt 0.000000 1.000000
vt 1.000000 1.000000
vt 1.000000 0.000000
vt 0.000000 0.000000
vt 0.000000 1.000000
vt 1.000000 1.000000
vt 1.000000 0.000000
vt 0.000000 0.000000
vt 0.000000 1.000000
vt 1.000000 1.000000
vt 1.000000 0.000000
vt 0.000000 0.000000
vt 0.000000 1.000000
vt 1.000000 1.000000
vt 1.000000 0.000000
vt 0.000000 0.000000
vt 0.000000 1.000000
vt 1.000000 1.000000
vt 1.000000 0.000000
vt 0.000000 0.000000
vt 0.000000 1.000000
vt 1.000000 1.000000
vt 1.000000 0.000000
vt 0.000000 0.000000
vt 0.000000 1.000000
vt 1.000000 1.000000
vt 1.000000 0.000000
vt 0.000000 0.000000
vt 0.000000 1.000000
vt 1.000000 1.000000
vt 1.000000 0.000000
vt 0.000000 0.000000
vt 0.000000 1.000000
vt 1.000000 1.000000
vt 1.000000 0.000000
vt 0.000000 0.000000
vt 0.000000 1.000000
vt 1.000000 1.000000
vt 1.000000 0.000000
vn 0.6783 0.6955 0.2370
vn -0.6892 0.7141 -0.1228
vn -0.2546 -0.0800 0.9637
vn -0.9708 0.1893 0.1476
vn -0.1012 0.2349 -0.9667
vn -0.2177 -0.9534 -0.2088
vn 0.9520 0.3060 0.0069
vn -0.2261 0.7180 -0.6583
vn -0.2064 0.6251 0.7527
vn 0.0849 0.9864 0.1406
vn -0.6405 0.1621 -0.7507
vn -0.7633 -0.0263 0.6455
vn -0.8383 0.3371 -0.4285
vn -0.4775 -0.8333 0.2785
vn -0.2632 0.4380 0.8596
vn -0.8165 0.4180 -0.3983
vn -0.5041 -0.1797 0.8448
vn 0.2815 0.8905 0.3574
vn 0.0000 1.0000 0.0000
vn -1.0000 0.0000 0.0000
vn 0.0000 0.0000 1.0000
vn -0.0776 0.9831 -0.1656
vn -0.9484 -0.1240 -0.2919
vn -0.3075 0.1344 0.9420
vn -0.4734 0.7367 -0.4830
vn -0.7641 -0.6162 -0.1910
vn -0.4383 0.2786 0.8546
vn 0.4395 0.8973 -0.0416
vn -0.8982 0.4393 -0.0131
vn 0.0066 0.0431 0.9990
vn -0.5107 0.4290 0.7451
vn -0.8193 0.0198 -0.5730
vn -0.2605 -0.9031 0.3414
vn 0.2851 -0.1555 -0.9458
vn -0.3268 0.9119 -0.2484
vn 0.9011 0.3799 0.2092
vn -0.2574 0.1258 0.9581
vn -0.9605 -0.1422 -0.2393
vn 0.1061 -0.9818 0.1574
vn -0.5628 0.8074 0.1773
vn -0.7429 -0.4000 -0.5367
vn -0.3624 -0.4338 0.8249
vn 0.7103 0.4572 -0.5353
vn -0.6149 0.7732 -0.1555
vn 0.3428 0.4395 0.8303
vn -0.1566 0.7836 -0.6012
vn -0.8890 -0.3770 -0.2598
vn -0.4302 0.4938 0.7557
vn -0.9987 -0.0476 -0.0152
vn 0.0487 -0.8601 -0.5078
vn 0.0111 -0.5079 0.8613
vn -0.8044 -0.5508 0.2227
vn 0.4970 -0.4186 0.7601
vn -0.3255 0.7221 0.6104
vn -0.6120 0.7904 -0.0281
vn -0.7213 -0.5724 -0.3900
vn -0.3244 -0.2184 0.9204
vn 0.6588 -0.7229 -0.2083
vn 0.6806 0.6907 -0.2445
vn 0.3206 0.0193 0.9470
vn 0.5851 -0.7874 -0.1940
vn -0.7285 -0.6154 0.3008
vn -0.3562 -0.0347 -0.9338
vn 0.9937 0.1117 -0.0004
vn -0.1068 0.9495 -0.2950
vn -0.0325 0.2932 0.9555
vn 0.1975 -0.6120 -0.7658
vn 0.8614 0.4813 -0.1625
vn 0.4680 -0.6275 0.6223
vn -0.6869 -0.3641 -0.6290
vn 0.6592 -0.6766 -0.3282
vn -0.3060 -0.6401 0.7048
vn 0.1294 -0.1292 -0.9831
vn -0.4382 0.8820 -0.1735
vn 0.8895 0.4532 0.0575
vn 0.9334 0.0307 -0.3576
vn -0.2146 0.8464 -0.4874
vn 0.2877 0.5317 0.7966
vn -0.0196 -0.2510 0.9678
vn 0.9342 -0.3494 -0.0717
vn 0.3562 0.9027 0.2413
vn -0.6735 -0.5403 -0.5045
vn -0.7226 0.6248 0.2957
vn 0.1555 0.5637 -0.8112
vn 0.6130 -0.7900 -0.0126
vn 0.7111 0.5586 -0.4270
vn 0.3444 0.2528 0.9041
vn -0.4868 -0.8023 -0.3454
vn 0.4650 -0.5728 0.6751
vn -0.7395 0.1680 0.6519
vn 0.8525 -0.1762 -0.4921
vn 0.4287 0.7743 0.4655
vn 0.2990 -0.6078 0.7356
vn 0.8360 -0.2630 -0.4815
vn 0.5015 0.0103 0.8651
vn -0.2226 -0.9647 0.1405
vn -0.2451 0.4875 0.8381
vn 0.9623 0.2275 0.1490
vn -0.1180 0.8430 -0.5248
vn 0.3452 0.9267 0.1486
vn 0.9356 -0.3523 0.0241
vn 0.0747 0.1307 -0.9886
vn -0.1098 -0.9893 0.0962
vn 0.2859 -0.1241 -0.9502
vn 0.9520 -0.0768 0.2964
vn -0.0569 -0.8159 0.5754
vn 0.9547 0.1241 0.2704
vn -0.2920 0.5647 0.7719
vn 0.1357 -0.9114 -0.3885
vn 0.9357 0.2467 -0.2520
vn 0.3256 -0.3294 0.8863
vn -0.0229 -0.9955 -0.0920
vn 0.6408 0.0560 -0.7657
vn 0.7674 -0.0765 0.6366
vn -0.0233 0.3759 -0.9264
vn 0.4340 0.8385 0.3293
vn 0.9006 -0.3944 -0.1827
vn -0.7999 -0.5956 0.0739
vn -0.4670 0.5403 -0.7000
vn 0.3770 -0.5944 -0.7104
vn 0.1101 -0.5456 0.8308
vn 0.9015 -0.2972 -0.3147
vn 0.4186 0.7836 0.4591
vn 0.9792 -0.0181 -0.2023
vn 0.1918 -0.2455 0.9502
vn -0.0669 -0.9692 -0.2369
vn -0.6915 0.6677 -0.2756
vn -0.2232 -0.5603 -0.7976
vn -0.6871 -0.4901 0.5365
vn 0.5360 -0.3571 0.7650
vn 0.4162 -0.6766 -0.6075
vn 0.7345 0.6440 -0.2140
vn -0.4192 0.7671 0.4857
vn -0.8866 -0.2307 -0.4009
vn -0.1955 -0.5987 0.7768
vn -0.1497 0.7510 -0.6431
vn -0.5697 -0.5971 -0.5648
vn -0.8081 0.2818 0.5172
vn 0.1143 -0.9134 0.3906
vn 0.3199 0.4061 0.8560
vn -0.9405 0.0271 0.3386
vn 0.5051 -0.7654 0.3988
vn -0.7405 -0.1470 0.6558
vn -0.4434 -0.6265 -0.6410
vn 0.5989 0.6382 0.4837
vn -0.7810 0.5992 0.1763
vn -0.1773 -0.4834 0.8573
vn -0.9208 0.0515 -0.3865
vn 0.3182 -0.4735 -0.8213
vn -0.2253 -0.8793 0.4197
vn -0.4208 -0.1710 -0.8909
vn -0.8028 0.5275 0.2779
vn 0.4224 0.8322 -0.3592
vn -0.9548 0.0882 0.2837
vn 0.1028 -0.7979 0.5940
vn 0.2788 0.5963 0.7528
usemtl UV_material
s 1
f 1/1/1 2/2/1 3/3/1 4/4/1
f 5/5/2 6/6/2 7/7/2 8/8/2
f 9/9/3 10/10/3 11/11/3 12/12/3
f 13/13/4 14/14/4 15/15/4 16/16/4
f 17/17/5 18/18/5 19/19/5 20/20/5
f 21/21/6 22/22/6 23/23/6 24/24/6
f 25/25/7 26/26/7 27/27/7 28/28/7
f 29/29/8 30/30/8 31/31/8 32/32/8
f 33/33/9 34/34/9 35/35/9 36/36/9
f 37/37/10 38/38/10 39/39/10 40/40/10
f 41/41/11 42/42/11 43/43/11 44/44/11
f 45/45/12 46/46/12 47/47/12 48/48/12
f 49/49/13 50/50/13 51/51/13 52/52/13
f 53/53/14 54/54/14 55/55/14 56/56/14
f 57/57/15 58/58/15 59/59/15 60/60/15
f 61/61/16 62/62/16 63/63/16 64/64/16
f 65/65/17 66/66/17 67/67/17 68/68/17
f 69/69/18 70/70/18 71/71/18 72/72/18
f 73/73/19 74/74/19 75/75/19 76/76/19
f 77/77/20 78/78/20 79/79/20 80/80/20
f 81/81/21 82/82/21 83/83/21 84/84/21
f 85/85/22 86/86/22 87/87/22 88/88/22
f 89/89/23 90/90/23 91/91/23 92/92/23
f 93/93/24 94/94/24 95/95/24 96/96/24
f 97/97/25 98/98/25 99/99/25 100/100/25
f 101/101/26 102/102/26 103/103/26 104/104/26
f 105/105/27 106/106/27 107/107/27 108/108/27
f 109/109/13 110/110/13 111/111/13 112/112/13
f 113/113/14 114/114/14 115/115/14 116/116/14
f 117/117/15 118/118/15 119/119/15 120/120/15
f 121/121/28 122/122/28 123/123/28 124/124/28
f 125/125/29 126/126/29 127/127/29 128/128/29
f 129/129/30 130/130/30 131/131/30 132/132/30
f 133/133/31 134/134/31 135/135/31 136/136/31
f 137/137/32 138/138/32 139/139/32 140/140/32
f 141/141/33 142/142/33 143/143/33 144/144/33
f 145/145/22 146/146/22 147/147/22 148/148/22
f 149/149/23 150/150/23 151/151/23 152/152/23
f 153/153/24 154/154/24 155/155/24 156/156/24
f 157/157/34 158/158/34 159/159/34 160/160/34
f 161/161/35 162/162/35 163/163/35 164/164/35
f 165/165/36 166/166/36 167/167/36 168/168/36
f 169/169/37 170/170/37 171/171/37 172/172/37
f 173/173/38 174/174/38 175/175/38 176/176/38
f 177/177/39 178/178/39 179/179/39 180/180/39
f 181/181/40 182/182/40 183/183/40 184/184/40
f 185/185/41 186/186/41 187/187/41 188/188/41
